eMax=700.0
SUPERLATTICE=[[1,0],[0,1]]
surfBasis=[[2.8843,0.],[-1.44215,2.49787707]]
surfGroup=p3
bulkGroup=p3