eMax=700
surfBasis=[[11.739,2.9046492042930072212455275147053],[-8.385,8.713947612879021663736582544116]]
superlattice=[[4,1],[-1,3]]
surfGroup=p3
bulkGroup=p6m